-2.0455444802436187
-1.834025635165945
0.8496880100807659
-0.04850071043372818
-0.6743784242773839
-1.0674391527934275
-1.2063638464765072
-2.7290097241203837
-4.570787680518238
-5.522426889761564
4.059892605502186
-0.5747181955480037
-3.0694565119948787
2.4096621206747666
-1.3628052908854387
-3.180510542275898
2.7693468538089947
-0.3386359222212408
1.6126814650206507
-4.097216736484138
2.3661799482121877
0.24631827218416535
-1.499582690005398
-1.1415539398205665
-0.16421930324797546
-2.4861979490102284
-0.1330693071161082
-1.8557225882992607
-2.1393731225977044
-2.2467868751481306
1.0814683712176167
-0.09460579791054198
2.885288093902328
3.211865113592511
-2.098528598015091
-0.2302740362152169
1.569778966095625
4.331045530430563
